201
20
2500
30
0
103
12
97
13
100
198
86
3
92
9
90
4
83
198
98
8
104
2
103
200
82
5
96
9
101
198
94
196
87
10
89
195
84
200
93
2
102
6
106
4
100
199
76
167
59
175
60
162
68
160
54
162
70
155
67
153
65
150
79
170
57
159
72
165
56
164
70
148
45
159
53
156
69
163
55
154
76
148
49
170
74
158
71
189
61
167
75
152
81
0
104
11
107
8
93
197
97
7
99
195
80
1
103
13
96
8
88
194
73
160
58
170
65
184
64
169
78
149
66
154
51
153
77
147
36
138
19
137
35
154
72
190
68
147
75
161
46
138
37
139
16
111
15
109
8
103
199
92
12
101
3
99
175
82
153
43
142
62
164
71
186
59
174
83
152
33
136
199
97
173
54
165
55
158
75
153
68
178
103
3
91
0
88
157
52
167
60
168
48
154
78
2
105
9
94
164
57
181
45
160
67
188
62
169
75
171
50
183
106
181
93
11
98
197
132
199
85
153
70
158
81
192
93
162
76
146
47
177
66
155
71
149
79
21
80
176
52
186
60
171
53
172
99
10
91
5
84
161
69
145
32
103
7
108
36
139
39
150
64
191
118
190
129
195
131
198
96
200
102
9
87
4
95
160
56
166
73
151
82
25
79
0
94
161
57
169
63
182
104
1
92
166
74
157
80
147
39
117
192
63
165
97
0
101
171
61
163
78
22
154
87
2
89
11
95
163
70
185
107
5
81
173
98
14
110
6
90
156
68
185
48
178
44
167
91
195
133
194
122
191
73
159
76
153
34
175
51
182
46
169
100
10
95
199
99
197
74
145
48
138
14
113
38
140
17
136
34
158
90
1
77
168
64
144
72
160
83
150
80
20
71
162
61
176
104
174
60
166
50
149
65
186
72
192
55
172
61
187
53
179
102
199
133
197
91
12
94
6
86
155
77
23
81
3
96
161
68
152
85
7
105
177
86
9
108
186
44
179
41
170
59
132
0
99
168
72
19
142
2
98
174
88
35
106
180
49
155
85
181
46
168
62
141
35
89
7
84
175
100
200
131
188
129
192
121
55
164
47
139
20
79
151
33
102
14
106
184
47
165
93
4
85
162
91
178
53
157
69
148
29
102
4
97
194
120
193
63
146
66
183
42
158
93
160
76
24
80
193
134
198
60
188
66
196
135
191
55
120
187
74
152
69
178
56
194
130
189
116
40
180
92
161
59
197
87
179
67
145
73
156
54
163
68
184
51
161
74
22
167
53
116
34
178
101
8
91
156
78
148
64
176
39
114
35
148
82
6
92
195
137
18
141
42
172
102
171
95
196
88
11
99
28
84
2
100
173
58
165
89
175
79
29
149
77
20
152
65
154
21
76
200
104
4
80
148
79
197
130
199
87
158
54
110
9
97
27
83
193
57
166
90
11
112
37
91
2
144
71
159
92
192
115
38
175
33
153
19
68
175
43
167
98
200
85
172
45
180
48
169
49
108
12
135
187
118
56
190
121
185
134
196
77
173
87
33
117
188
119
193
96
170
22
81
151
75
20
166
65
195
121
186
130
191
116
37
163
50
110
16
67
151
52
156
44
143
70
23
166
97
169
73
165
99
15
105
3
83
0
92
10
88
154
84
30
145
0
95
41
182
87
163
62
176
60
134
13
112
9
141
3
88
32
144
65
169
23
79
155
87
7
111
52
183
43
187
133
61
179
50
178
104
9
98
164
80
22
153
9
93
39
164
64
190
115
42
184
129
196
58
181
35
86
1
102
46
147
28
82
159
14
100
177
82
1
143
20
78
161
17
133
66
156
85
176
102
10
113
15
158
89
5
98
183
121
61
190
119
56
174
103
47
138
194
79
3
94
193
139
72
150
34
137
198
99
30
106
48
186
119
54
159
90
12
60
131
190
114
192
62
172
103
5
147
79
26
75
166
45
187
39
118
58
161
50
101
199
93
12
96
172
76
25
173
64
183
107
50
150
18
127
179
93
169
79
6
112
58
194
118
189
132
191
89
160
59
185
128
19
167
82
24
73
21
70
147
76
20
72
157
92
38
149
6
84
149
81
199
91
11
133
200
90
39
177
55
115
182
49
162
69
124
43
176
99
1
131
61
175
67
22
157
68
15
137
185
38
108
10
142
81
164
21
62
113
32
152
40
141
198
135
29
85
8
95
162
97
6
104
181
120
189
69
154
10
97
43
161
14
95
197
75
146
31
86
194
96
165
71
22
75
157
89
198
102
11
111
35
179
45
144
87
0
140
41
123
193
131
59
133
188
121
42
181
127
182
90
177
63
18
168
56
114
16
163
94
26
176
126
57
12
63
170
111
17
72
164
61
199
134
16
148
4
107
35
136
192
116
181
49
105
1
85
3
80
171
58
167
95
2
80
30
181
130
0
151
65
142
37
110
53
168
24
69
158
53
190
117
61
135
18
162
77
21
140
48
102
7
83
26
71
150
78
27
115
188
38
173
47
183
89
40
117
57
195
85
161
30
76
152
86
145
91
128
197
136
186
37
87
184
120
178
105
53
10
94
170
101
45
158
73
149
83
190
140
31
156
21
81
189
54
180
84
140
4
111
59
166
113
186
51
152
34
105
5
150
1
88
6
99
46
183
119
174
125
62
181
95
6
80
156
74
27
158
11
58
124
64
194
135
63
143
3
106
51
174
24
166
51
109
7
138
191
47
152
66
171
20
74
198
97
163
14
116
54
172
19
133
2
111
168
124
56
158
91
147
63
168
21
68
151
84
9
89
0
102
15
107
31
78
174
101
29
81
150
40
94
7
91
179
116
185
32
76
191
115
34
177
49
139
5
101
168
76
18
64
134
183
105
13
94
159
67
189
141
82
197
144
20
69
146
77
137
43
113
12
157
41
169
25
84
153
52
175
18
112
63
191
42
185
114
66
23
83
154
23
59
13
110
61
11
97
1
147
15
71
19
151
4
91
129
187
116
28
148
7
100
44
109
36
90
155
54
191
113
57
165
83
143
88
164
96
42
149
64
136
36
184
118
177
126
173
55
161
60
189
108
40
189
122
162
13
95
130
195
98
31
187
49
125
172
81
26
167
48
157
70
179
40
92
196
76
0
98
169
17
57
120
180
131
178
117
36
82
4
110
34
138
73
16
104
47
178
84
8
86
10
159
88
168
45
6
72
23
175
119
191
35
162
62
136
190
116
33
174
87
5
106
162
51
176
22
61
186
117
193
78
198
132
67
147
33
90
196
140
86
153
3
146
74
19
62
167
74
150
30
139
180
112
166
123
66
25
92
5
109
12
145
76
141
195
122
41
87
34
189
138
20
155
72
25
170
124
86
42
173
103
6
107
41
183
63
137
37
184
138
199
75
195
95
44
171
24
78
188
142
89
37
107
161
90
8
49
101
200
135
15
108
52
114
11
96
133
94
1
101
14
66
174
97
196
137
193
33
75
18
56
110
172
100
8
132
98
48
144
4
105
180
57
160
91
41
180
128
183
26
68
146
28
70
154
77
148
72
135
28
73
193
85
43
159
55
182
121
156
67
197
60
27
181
119
173
21
78
146
92
130
193
118
41
190
74
160
16
54
9
162
46
146
199
94
11
164
69
115
58
172
86
162
80
151
87
145
64
15
117
169
125
167
51
99
184
44
166
99
13
156
18
152
82
194
77
199
69
22
76
118
185
90
3
149
33
114
189
139
48
174
81
7
96
197
85
143
21
64
177
65
110
3
102
170
80
192
34
89
127
172
23
74
17
59
171
99
131
93
24
64
132
192
141
185
51
181
103
10
169
84
144
73
19
70
114
164
38
112
59
195
34
140
23
167
87
38
183
114
191
86
156
79
163
122
160
15
52
164
109
60
111
39
86
4
44
188
29
178
94
4
77
172
98
44
177
21
153
199
83
6
98
130
198
139
81
148
197
122
59
28
80
23
142
90
176
117
54
157
71
29
77
140
187
60
163
71
185
67
171
13
92
7
48
104
158
121
16
141
105
156
89
4
99
200
53
162
15
69
184
133
190
94
129
100
167
40
119
35
91
157
123
162
58
184
92
200
152
53
103
4
145
1
78
171
118
44
93
132
3
104
175
28
98
12
163
46
4
88
9
133
65
20
178
67
18
173
116
60
14
65
27
82
150
66
193
121
82
158
52
104
50
182
142
191
90
31
194
37
80
152
41
85
5
43
185
53
113
36
137
0
62
109
17
138
82
173
22
83
168
92
193
140
183
112
175
98
135
3
108
63
25
77
161
124
88
144
189
50
172
32
186
132
60
126
196
74
34
154
71
115
178
135
96
162
68
13
102
54
164
9
85
34
104
7
150
195
78
155
2
106
41
89
143
13
118
174
20
80
198
36
159
75
200
138
35
81
177
102
153
122
192
88
198
95
168
61
26
95
166
108
160
49
147
200
70
149
51
6
87
125
57
196
131
97
49
168
22
187
106
182
94
45
117
74
25
69
3
98
166
72
156
40
192
27
136
13
66
19
59
118
182
133
18
179
48
109
13
158
23
170
52
154
85
150
73
192
138
39
188
113
66
186
70
32
163
69
136
181
36
155
121
56
21
170
116
76
28
144
11
101
128
189
134
73
31
87
195
138
49
107
184
115
61
13
98
43
129
99
8
82
171
41
178
142
20
163
72
151
42
88
158
92
4
71
167
96
132
1
39
168
126
160
84
0
40
187
145
72
140
6
165
23
64
11
92
144
38
114
180
62
191
32
85
44
185
57
26
169
58
29
97
130
183
31
164
7
86
196
149
94
160
78
135
188
54
118
17
176
100
0
155
69
153
46
125
173
56
16
113
63
172
16
69
138
107
64
170
19
77
22
65
148
0
104
13
137
74
21
71
113
169
9
160
110
8
89
194
132
94
8
139
191
120
80
25
83
153
87
36
84
45
167
94
197
50
9
174
15
120
150
86
178
88
126
166
42
94
146
2
83
159
12
62
24
81
194
153
64
111
162
81
4
134
95
193
48
14
179
134
195
88
152
119
192
57
108
67
21
60
28
100
170
66
142
186
147
32
100
127
165
59
181
129
18
171
22
55
111
12
95
3
93
164
73
36
115
39
79
199
103
139
188
107
7
153
35
180
96
40
139
21
82
190
34
146
87
8
102
131
0
54
98
128
90
5
78
168
114
187
62
175
83
170
48
8
146
90
162
124
167
116
194
65
183
84
152
67
27
77
197
154
3
100
50
7
88
140
199
59
162
19
150
51
103
200
78
119
63
144
19
175
46
109
171
74
29
68
139
78
153
17
53
155
44
137
101
198
147
93
194
30
69
14
157
55
97
136
79
22
73
110
19
164
17
135
193
56
123
85
171
7
93
13
57
116
183
141
22
82
38
189
63
163
86
154
122
187
143
64
2
96
163
52
23
75
198
92
179
104
129
96
196
83
151
74
159
121
68
188
52
177
120
62
10
132
101
169
20
61
25
185
144
43
89
6
158
41
11
161
61
191
133
100
196
133
70
156
23
82
3
42
157
87
141
190
137
177
15
49
195
37
83
8
167
12
100
52
140
106
10
163
110
59
175
101
2
152
123
195
136
75
21
148
71
24
58
166
89
177
40
120
83
46
100
5
95
161
113
190
73
116
177
25
70
164
95
50
152
21
158
122
62
134
98
199
86
30
57
173
33
106
65
174
99
53
184
139
0
77
169
95
131
197
