201
20
2500
30
0
88
186
81
183
76
177
69
172
64
169
63
157
66
173
71
176
77
182
74
179
78
176
65
159
68
178
75
175
72
180
70
156
53
177
79
178
70
160
67
171
61
153
57
181
83
187
85
180
77
184
86
198
83
4
92
8
94
190
88
8
103
197
104
7
93
192
96
17
114
14
106
6
102
17
111
15
109
21
116
14
95
20
124
28
122
24
128
27
126
32
155
59
167
80
185
82
5
114
11
107
23
154
55
150
60
168
65
154
64
160
62
174
73
158
29
123
21
99
195
84
188
61
155
67
174
63
170
62
152
79
149
78
181
52
179
53
178
47
146
79
169
46
131
39
147
77
164
72
159
69
161
63
193
98
19
113
0
116
16
92
186
59
170
65
153
80
147
36
121
25
127
22
98
195
101
193
60
172
43
167
61
189
58
154
62
156
30
157
74
176
51
182
56
132
50
183
87
196
119
26
167
63
154
83
152
81
146
76
159
71
179
57
156
31
161
28
116
1
85
155
70
163
73
180
51
186
60
169
67
177
54
151
19
110
4
108
20
150
78
162
74
158
34
175
70
172
61
166
72
139
73
177
65
162
27
118
3
115
12
112
14
110
6
121
34
160
66
175
52
183
55
178
56
190
97
194
100
24
97
16
104
5
107
21
92
159
73
137
10
112
18
103
12
135
8
109
26
163
68
160
95
11
118
199
117
200
90
158
75
165
58
187
50
181
58
152
85
147
41
106
22
159
28
125
19
90
185
55
140
80
150
83
179
69
176
64
152
18
127
26
101
9
91
156
60
173
42
183
48
128
189
130
40
168
61
170
45
148
79
151
86
146
11
136
74
174
45
180
55
191
61
157
89
2
120
198
78
166
74
142
83
149
55
155
71
162
33
118
197
60
171
44
109
19
94
15
105
198
112
7
143
87
187
49
184
59
158
69
164
30
141
3
123
35
129
47
173
68
154
82
200
111
13
96
159
25
132
77
145
84
140
4
119
13
113
193
95
23
151
61
161
72
181
53
194
58
168
62
124
69
134
13
100
10
147
83
199
138
72
178
80
166
76
160
32
158
64
156
67
153
82
148
84
3
105
36
117
6
132
43
169
61
174
41
125
186
54
179
119
35
164
67
172
48
185
58
191
132
68
162
75
144
87
154
28
156
72
173
64
168
105
13
117
54
192
99
23
126
185
85
143
88
139
16
110
45
184
57
188
129
66
170
34
98
8
82
151
78
6
144
38
106
190
59
169
75
167
77
137
53
152
22
108
7
99
30
162
98
23
91
17
155
66
177
55
193
120
181
71
160
27
122
1
119
194
133
51
196
135
75
183
58
182
121
197
87
145
12
113
9
117
56
189
60
154
81
149
15
115
32
142
2
115
200
85
153
93
14
96
19
154
21
111
46
180
49
171
64
127
49
177
118
37
137
71
157
73
160
77
143
90
149
21
87
150
89
191
47
188
39
136
197
113
16
102
36
169
68
176
66
163
69
160
19
111
11
82
182
76
175
100
151
63
194
54
116
10
108
17
93
156
85
188
127
34
156
18
92
146
83
2
67
161
65
172
63
196
57
166
103
42
176
98
148
77
161
33
166
60
187
94
24
143
29
153
81
3
132
0
79
4
114
194
102
30
124
64
163
32
103
186
52
195
129
80
141
87
155
69
131
192
57
180
122
183
53
134
193
52
173
62
159
75
4
122
33
90
1
123
179
44
130
70
162
18
117
196
100
6
109
46
147
91
20
103
14
138
9
105
23
164
27
158
98
33
102
43
181
56
115
197
50
178
67
170
114
52
138
74
168
80
152
88
157
33
171
66
5
113
166
44
186
84
151
57
199
129
41
187
82
197
128
4
117
176
73
182
54
176
119
190
129
184
39
107
25
110
20
153
69
157
58
120
0
139
51
177
72
121
61
173
116
38
160
24
112
16
157
65
126
43
108
47
183
39
141
92
157
25
99
152
56
131
188
59
171
68
165
25
123
12
109
42
133
54
191
116
8
145
94
35
174
119
28
141
73
167
106
12
71
154
94
12
87
7
148
86
140
76
163
79
153
84
155
63
175
32
99
22
89
138
40
105
192
136
79
179
48
104
41
135
70
158
61
195
134
185
38
189
95
144
11
120
7
124
185
53
199
110
8
78
180
41
182
88
151
81
14
160
60
198
55
190
62
169
107
182
57
158
76
134
11
104
21
160
94
16
147
9
69
170
42
179
68
172
122
200
51
113
15
117
61
192
115
16
108
2
118
175
67
131
1
143
79
29
166
79
150
85
20
97
149
6
141
85
10
125
49
107
18
98
181
35
89
142
5
109
171
39
159
67
4
88
140
31
159
63
168
76
25
120
173
49
182
123
61
197
76
147
93
36
138
194
56
179
82
145
30
160
72
158
68
156
86
19
105
44
176
75
180
37
190
57
114
34
95
151
59
165
76
144
84
21
164
101
174
65
6
111
197
52
176
31
100
46
172
71
128
200
133
81
165
71
174
37
162
13
147
79
134
73
1
150
101
37
186
57
159
18
114
0
50
179
118
14
76
138
91
190
112
20
89
154
70
177
124
51
175
62
171
121
195
137
47
186
128
42
184
46
127
5
118
55
182
34
104
17
160
40
189
116
19
93
155
62
113
23
162
29
94
152
82
149
102
47
170
60
157
75
161
15
95
18
138
200
56
164
112
195
64
167
58
198
135
78
27
110
11
99
2
121
59
185
79
170
111
52
129
45
188
117
178
69
174
53
192
110
22
157
27
166
20
81
139
193
132
186
43
144
88
149
61
156
84
133
69
129
3
146
94
38
179
67
125
63
158
21
90
31
154
66
152
86
142
96
32
144
9
107
8
118
195
55
0
110
172
73
164
41
145
91
3
66
156
26
78
10
114
168
59
183
33
87
37
92
137
196
101
50
176
47
182
79
164
16
121
179
47
126
187
38
131
79
194
96
150
22
92
11
77
24
106
183
127
194
38
161
66
123
8
147
84
180
119
20
106
43
177
40
107
13
114
50
126
63
173
102
29
155
86
9
65
156
96
24
161
71
136
48
169
25
74
159
91
153
97
30
188
114
22
170
64
174
48
141
75
174
123
184
32
88
196
62
162
14
140
98
150
5
133
29
98
191
37
143
4
148
78
167
19
107
166
112
31
165
78
184
56
154
80
145
0
75
23
109
9
93
6
124
173
70
122
14
91
142
81
1
54
110
194
59
199
87
16
137
87
38
148
90
155
73
26
168
66
172
50
104
184
126
19
155
68
7
115
53
196
109
181
130
82
138
191
62
21
82
35
178
122
42
187
56
180
71
171
82
150
58
118
187
46
175
120
62
193
41
98
154
72
6
80
9
122
23
132
72
135
187
31
179
127
61
160
16
90
6
105
45
185
105
53
141
198
116
194
135
88
158
66
178
48
181
54
156
107
0
96
161
64
7
134
92
192
35
104
149
99
146
35
172
62
153
25
101
145
5
93
158
24
72
2
46
183
79
19
118
191
93
140
199
113
57
130
49
133
190
96
35
113
189
44
168
18
87
152
27
113
169
80
30
91
41
108
198
89
136
17
159
33
155
97
15
102
195
77
177
74
22
86
149
3
106
168
81
148
101
43
199
76
28
163
12
119
166
115
39
106
157
64
155
83
153
103
46
98
3
109
27
71
163
22
118
172
59
166
70
23
166
39
173
45
108
170
123
68
152
14
113
18
109
199
64
175
122
65
128
182
44
149
77
139
190
36
95
143
75
8
142
27
82
136
193
56
183
125
192
59
160
78
137
85
17
97
4
53
187
129
181
74
163
114
196
56
156
15
88
39
126
35
176
96
22
104
14
163
42
105
49
198
52
180
80
151
0
84
34
193
117
28
177
129
9
89
183
43
174
68
126
0
119
57
155
25
69
171
63
176
55
186
39
192
140
91
151
64
159
44
110
162
77
169
16
75
139
94
133
187
35
163
99
172
32
185
41
200
112
59
182
84
142
55
157
87
146
103
51
6
146
15
77
159
60
152
84
149
100
1
49
178
54
197
130
73
23
92
13
166
75
179
103
196
120
178
76
17
118
56
185
137
15
116
60
167
104
152
24
108
48
8
67
157
29
188
54
200
58
169
125
66
120
37
188
95
154
84
135
91
5
147
102
49
192
78
145
7
79
144
89
11
164
70
170
24
125
176
67
116
33
180
58
184
82
155
65
198
44
132
85
129
26
160
20
120
180
131
45
181
119
53
184
80
186
111
173
65
169
120
29
75
160
46
107
37
195
57
135
80
177
121
199
73
140
12
157
72
162
63
112
47
106
151
97
174
127
21
94
193
77
146
40
165
17
148
2
53
190
40
182
108
149
48
97
158
71
156
90
141
82
6
63
18
161
11
74
183
35
134
83
144
104
44
185
57
0
101
153
59
117
32
157
19
83
33
194
86
181
124
168
32
191
130
86
39
100
192
137
95
177
45
4
86
154
91
128
46
167
82
18
171
13
139
87
189
93
135
34
184
60
114
26
154
67
130
176
76
23
59
143
80
2
144
10
164
57
117
20
156
63
153
88
129
198
74
143
84
14
158
58
114
2
48
123
17
88
185
54
153
3
52
0
87
6
45
175
53
103
172
41
85
197
134
183
98
147
53
200
147
48
176
39
117
170
14
161
78
28
70
161
25
71
22
187
59
115
61
110
64
123
22
167
62
157
34
179
73
156
88
138
84
5
44
138
77
181
30
185
127
37
161
41
144
62
8
165
121
54
189
141
15
52
182
80
148
109
193
97
141
61
194
73
175
68
153
96
133
90
137
20
161
95
10
162
43
190
90
152
79
12
93
44
121
176
94
151
99
48
187
106
146
100
4
47
180
101
139
180
110
160
29
69
173
98
152
55
120
192
27
72
165
34
190
38
181
81
178
78
163
24
75
196
36
170
93
22
133
78
185
50
190
68
119
171
65
0
40
116
185
60
195
115
172
129
81
150
107
62
158
67
127
29
182
72
200
66
162
25
115
17
163
9
143
86
153
23
117
174
61
154
85
13
78
19
59
196
136
91
148
88
142
34
82
147
110
189
104
178
51
106
10
90
40
103
151
4
124
184
51
148
14
89
158
18
84
173
128
36
81
185
33
177
68
26
152
102
165
80
153
52
189
69
113
49
7
110
198
88
131
190
61
2
42
139
92
3
71
166
58
116
24
166
6
123
177
78
140
83
16
153
89
42
168
78
32
178
119
18
149
56
197
48
125
167
57
14
155
21
83
184
90
129
33
77
179
55
102
1
56
159
12
167
116
53
180
36
158
91
15
121
173
50
107
197
42
143
108
157
59
113
63
1
47
9
169
122
49
190
140
17
80
163
39
145
76
161
73
25
66
169
23
121
181
76
194
30
74
24
69
156
94
138
80
193
37
157
100
53
176
132
98
10
46
194
99
160
93
187
55
115
69
195
138
184
37
177
106
143
82
131
84
15
166
77
18
122
198
71
178
128
89
189
134
95
148
105
151
62
114
36
85
7
163
67
27
60
111
192
62
109
43
149
87
190
115
186
32
156
13
86
1
118
180
126
175
65
22
88
188
91
143
93
152
65
5
68
161
16
78
147
89
140
52
104
0
141
191
41
169
10
94
135
179
70
157
68
170
40
198
33
167
38
119
56
19
150
104
8
149
80
132
48
193
144
81
137
54
196
78
194
31
158
