201
20
1378
30
0
95
182
64
180
63
179
62
178
61
177
60
176
58
174
57
173
61
174
60
177
59
175
58
173
60
172
56
171
88
176
59
171
87
160
84
159
83
158
82
157
80
156
78
155
77
154
76
153
75
152
76
154
78
17
79
156
81
157
79
18
80
19
81
153
80
157
83
21
84
158
44
159
46
158
81
154
80
152
74
151
75
150
73
149
72
148
71
147
72
166
53
162
55
169
56
173
59
176
62
177
90
178
63
181
64
179
92
24
107
27
109
28
110
27
108
26
152
33
154
34
155
79
156
78
151
33
155
35
153
77
16
78
155
77
151
73
167
68
143
69
195
126
196
69
145
70
168
54
162
52
161
51
158
48
160
49
157
40
154
79
18
104
27
106
193
68
192
125
191
67
181
62
175
87
22
86
174
91
178
61
176
58
170
88
23
89
177
94
192
93
180
65
183
122
184
65
139
31
132
30
110
199
47
159
85
160
83
20
82
155
79
152
36
114
28
108
197
109
26
112
33
153
75
154
42
158
53
160
50
157
81
155
45
159
82
154
77
15
102
188
124
189
67
142
68
164
85
21
0
48
157
41
117
29
120
179
63
137
31
131
58
175
59
172
83
161
50
159
86
175
61
179
65
182
63
165
70
146
13
101
121
181
66
186
123
185
99
9
129
12
192
43
159
52
126
146
72
150
74
149
71
167
67
190
43
119
178
95
2
49
161
84
20
81
19
80
158
52
31
10
190
13
33
55
171
91
111
131
151
128
4
96
182
1
112
90
175
57
172
90
115
135
61
40
183
63
178
198
17
78
156
80
100
11
186
5
97
117
137
113
139
66
187
41
20
40
181
160
47
26
5
52
72
92
170
79
153
127
106
85
162
182
121
141
66
182
3
23
43
63
83
103
123
144
69
166
186
14
76
150
129
105
27
2
25
48
68
89
176
196
45
195
15
147
167
74
94
114
136
62
180
120
142
162
51
160
86
109
129
149
170
55
75
51
30
128
54
159
138
64
42
19
197
46
121
96
118
177
156
38
115
93
122
145
119
98
7
28
0
180
5
25
96
148
73
95
124
144
164
184
3
50
70
198
18
38
58
78
152
34
54
7
187
165
86
65
185
15
35
55
30
133
153
173
194
13
36
59
80
18
44
22
85
158
83
156
82
104
131
108
87
116
146
168
191
104
79
157
177
63
39
157
136
104
19
194
44
64
183
159
56
29
153
126
156
79
101
124
92
174
152
130
101
151
171
191
20
82
61
177
59
84
104
124
187
10
33
8
188
7
34
156
47
67
183
2
72
167
192
11
31
111
200
19
184
98
77
155
133
112
141
161
181
4
24
44
65
166
145
117
142
109
88
174
194
16
148
69
182
39
116
138
31
51
73
93
113
146
71
91
70
90
110
130
150
175
60
178
62
41
185
18
79
56
9
29
49
159
179
156
182
20
46
66
140
119
177
88
108
128
148
168
188
14
34
5
36
56
76
154
125
102
81
159
51
71
95
174
90
125
145
93
68
46
160
180
200
176
60
80
157
132
107
127
147
14
189
167
187
65
85
111
28
57
77
152
172
195
22
42
62
82
158
178
5
55
80
107
134
154
106
81
18
39
59
9
32
52
29
119
139
159
55
24
193
12
32
136
156
176
199
18
49
71
200
139
99
119
95
115
148
124
102
138
158
180
155
79
109
131
92
146
166
68
88
175
195
169
190
9
55
31
140
160
82
102
122
142
118
138
100
77
53
73
94
173
151
76
153
78
57
171
58
37
4
27
47
19
80
101
133
156
123
143
163
183
66
86
106
128
156
186
17
37
64
84
162
184
20
40
185
4
175
154
41
61
81
54
25
45
21
41
184
64
88
160
137
103
79
17
196
15
36
65
181
154
105
125
51
157
182
1
21
196
27
6
26
46
198
177
197
16
36
7
27
152
128
107
79
99
120
140
97
117
93
174
58
81
101
121
28
50
70
90
23
43
191
170
190
9
187
155
78
110
130
151
174
5
25
45
65
41
188
7
57
77
169
147
97
76
96
116
136
107
28
193
171
96
70
92
112
132
103
123
144
165
185
164
142
162
182
67
87
107
127
154
174
89
109
129
149
169
189
8
28
48
74
94
114
134
60
83
54
74
153
81
59
79
110
130
104
124
144
164
184
3
179
199
20
40
60
177
197
16
39
59
79
55
75
95
172
192
11
31
51
26
46
157
177
87
66
180
200
19
39
181
2
22
42
118
141
67
87
107
127
147
167
187
15
35
57
78
156
178
157
82
19
39
155
80
100
120
140
160
180
200
19
196
169
54
33
53
73
93
113
133
153
116
95
140
160
183
2
22
182
1
21
41
61
81
52
72
92
112
134
154
182
161
181
0
20
40
67
87
59
79
102
151
171
191
13
33
7
55
75
152
172
192
29
49
69
89
109
129
93
71
91
111
131
151
171
191
10
30
50
70
90
110
130
150
170
190
169
189
8
28
48
159
179
155
175
195
174
194
173
193
12
32
52
72
92
112
132
156
135
155
181
0
20
40
60
80
152
172
192
11
31
51
71
91
111
131
151
171
191
170
190
169
189
8
28
7
27
47
67
87
107
127
147
167
187
166
186
65
85
105
125
145
165
185
4
24
44
64
84
104
78
57
77
97
117
137
157
177
197
172
192
171
191
170
190
169
189
168
188
167
187
166
186
5
25
45
65
85
105
125
100
120
140
160
180
200
19
39
59
79
58
78
57
77
99
121
141
161
181
0
180
200
19
39
59
79
58
78
57
77
56
76
96
116
136
156
176
196
15
35
14
34
54
74
94
114
134
154
175
195
174
194
173
193
172
192
171
191
170
190
169
189
168
188
167
187
166
186
165
185
164
184
163
183
162
182
1
21
41
20
40
60
80
59
79
58
78
57
77
56
76
96
116
136
156
176
196
175
195
174
194
173
193
172
192
171
191
170
190
169
189
168
188
167
187
166
186
165
185
164
184
163
183
162
182
1
21
41
20
40
60
80
59
79
58
78
57
77
56
76
55
75
54
74
94
114
134
154
175
195
174
194
173
193
172
192
171
191
170
190
169
189
168
188
167
187
166
186
165
185
164
184
163
183
162
182
161
181
0
180
200
19
39
59
79
58
78
57
77
56
76
55
